20
8 -15 -27 19 36 -17 10 -43 -33 -16 28 -11 -4 -45 36 5 2 -17 3 -46 
35 -6 -12 -20 -12 27 -29 -44 -48 -6 38 12 -31 -22 10 -1 -10 -44 -14 21 
-6 -34 15 -6 -48 43 10 -6 47 41 5 10 15 39 -25 -14 47 -19 -49 23 
-12 15 -7 -13 11 36 26 -21 38 -22 35 -41 -28 -44 -11 45 -20 -49 -8 -42 
-20 -6 -13 -22 44 -26 -46 1 -31 6 48 -24 -45 40 -29 40 31 -2 21 -37 
-12 -48 11 44 46 13 -49 29 -28 -40 -29 42 -19 42 -27 -45 0 -34 30 -32 
27 43 36 -26 13 43 7 -14 22 -9 32 -19 -1 3 -20 24 29 -17 -34 45 
-29 10 26 -46 -49 7 10 38 0 -26 -11 -47 24 -18 15 8 -2 8 1 -41 
-44 -6 -21 1 29 -14 38 -8 -37 -9 -25 -7 38 0 -1 14 -19 27 -49 -17 
-48 47 38 -31 -28 22 0 -37 -16 -41 -35 3 18 -8 -49 41 38 0 16 -6 
-6 41 -22 6 -40 -9 -26 -9 -41 -1 7 10 -29 32 2 15 44 -19 -41 0 
38 5 35 48 -29 32 -11 -25 -35 7 35 39 -21 44 -17 45 -6 -12 -42 29 
12 10 -41 -24 42 -19 -47 -7 3 10 39 44 14 32 22 42 -9 4 -25 15 
-31 15 -28 -45 -19 -1 24 38 18 -29 -21 14 -49 -10 -16 -47 -21 37 -20 -45 
-22 39 -44 40 42 3 -18 0 -8 32 44 32 -10 13 14 17 15 46 -42 -17 
10 -25 -11 -29 -27 -20 15 -1 -49 2 -17 22 -16 14 17 43 -10 32 27 -34 
-1 -14 45 40 -45 24 8 14 41 15 45 42 -47 17 43 -45 -1 -31 -2 -37 
-10 47 -20 31 0 29 -2 -19 38 44 -6 -9 -21 15 -10 -1 -37 -28 16 42 
-44 -19 -49 -2 -34 -17 8 27 0 -19 -12 4 37 46 32 -31 -28 -2 -24 -43 
-14 -49 -8 21 30 -34 1 -49 16 -41 -42 -25 -20 -42 27 -2 16 -24 8 -35 
21 23 -42 -37 -32 45 -41 -17 -6 0 29 15 -45 -17 -34 -37 42 -43 -35 33 
