30
-9 -35 0 0 0 0 0 0 -35 -19 -8 0 0 52 45 0 0 0 47 38 -52 17 35 0 37 0 13 12 0 -50 
-43 5 -22 0 20 0 12 0 -14 22 -17 -34 0 -39 -2 0 45 54 26 -16 0 0 28 0 0 0 0 0 -33 -52 
5 0 -50 0 2 0 26 0 -41 8 0 22 0 1 0 -36 0 0 0 -5 2 0 3 -38 0 -36 -18 0 -41 17 
-22 -50 0 -1 -37 36 -16 29 0 0 0 0 0 -27 0 46 -35 -8 -42 0 -42 22 0 49 26 0 26 -32 -15 0 
0 0 -1 0 -11 -24 0 30 -37 -38 0 0 52 0 0 0 0 -9 -28 0 -13 -8 0 -7 0 0 -52 0 -15 10 
20 2 -37 -11 0 0 -43 0 0 0 -39 -34 0 -52 -16 0 17 -27 -22 0 18 -9 0 -10 27 0 -6 0 10 0 
0 0 36 -24 0 0 6 0 0 47 -3 0 -31 0 0 -23 28 6 15 -2 49 -23 12 -28 0 26 0 3 43 0 
12 26 -16 0 -43 6 0 0 0 0 0 27 6 0 -12 0 0 0 0 5 37 -20 0 23 54 0 0 -10 0 0 
0 0 29 30 0 0 0 0 51 14 0 0 0 -27 0 -17 27 0 40 0 -6 0 0 13 -40 0 6 0 0 9 
-14 -41 0 -37 0 0 0 51 54 -16 -12 0 18 -8 15 48 -24 0 -30 0 -32 33 0 0 0 0 0 -39 50 51 
22 8 0 -38 0 47 0 14 -16 -6 0 -25 11 0 0 -33 0 0 0 12 -25 6 -3 -21 0 0 0 3 13 0 
-17 0 0 0 -39 -3 0 0 -12 0 0 -25 0 0 0 0 45 0 0 0 -8 33 0 -8 0 0 0 -28 22 0 
-34 22 0 0 -34 0 27 0 0 -25 -25 26 6 30 0 0 0 0 -36 21 0 0 -53 7 -15 54 0 0 45 0 
0 0 0 52 0 -31 6 0 18 11 0 6 0 40 0 6 -50 52 30 -33 -46 14 -2 35 0 0 0 0 42 39 
-39 1 -27 0 -52 0 0 -27 -8 0 0 30 40 -26 -30 0 -12 0 -13 -42 -28 -20 0 18 0 0 0 0 0 0 
-2 0 0 0 -16 0 -12 0 15 0 0 0 0 -30 -44 -17 -13 0 31 0 48 52 -13 0 -44 -36 0 0 38 34 
0 -36 46 0 0 -23 0 -17 48 -33 0 0 6 0 -17 6 0 26 0 -51 0 34 0 0 29 38 -51 -25 22 0 
45 0 -35 0 17 28 0 27 -24 0 45 0 -50 -12 -13 0 46 0 37 -9 0 0 0 0 0 15 43 0 0 0 
54 0 -8 -9 -27 6 0 0 0 0 0 0 52 0 0 26 0 0 0 0 -34 0 53 -54 0 0 0 0 0 50 
26 0 -42 -28 -22 15 0 40 -30 0 0 -36 30 -13 31 0 37 0 0 -39 30 0 0 0 0 -12 9 0 0 0 
-16 -5 0 0 0 -2 5 0 0 12 0 21 -33 -42 0 -51 -9 0 -39 -15 0 0 12 0 -4 -50 5 16 -47 0 
0 2 -42 -13 18 49 37 -6 -32 -25 -8 0 -46 -28 48 0 0 -34 30 0 -44 11 -3 0 50 28 0 -28 -44 15 
0 0 22 -8 -9 -23 -20 0 33 6 33 0 14 -20 52 34 0 0 0 0 11 0 43 -31 -21 0 0 0 32 51 
28 3 0 0 0 12 0 0 0 -3 0 -53 -2 0 -13 0 0 53 0 12 -3 43 0 16 12 0 -27 21 0 7 
0 -38 49 -7 -10 -28 23 13 0 -21 -8 7 35 18 0 0 0 -54 0 0 0 -31 16 9 0 -20 33 31 25 0 
0 0 26 0 27 0 54 -40 0 0 0 -15 0 0 -44 29 0 0 0 -4 50 -21 12 0 10 0 3 0 40 -28 
0 -36 0 0 0 26 0 0 0 0 0 54 0 0 -36 38 15 0 -12 -50 28 0 0 -20 0 0 50 -9 -9 11 
0 -18 26 -52 -6 0 0 6 0 0 0 0 0 0 0 -51 43 0 9 5 0 0 -27 33 3 50 -37 -43 35 2 
0 0 -32 0 0 3 -10 0 -39 3 -28 0 0 0 0 -25 0 0 0 16 -28 0 21 31 0 -9 -43 0 0 0 
-33 -41 -15 -15 10 43 0 0 50 13 22 45 42 0 38 22 0 0 0 -47 -44 32 0 25 40 -9 35 0 15 53 
-52 17 0 10 0 0 0 9 51 0 0 0 39 0 34 0 0 50 0 0 15 51 7 0 -28 11 2 0 53 -35 
