20
-39 -45 -2 -1 -45 -34 -18 20 16 -42 -20 0 -38 35 2 -42 -17 40 23 47 
-25 -40 -33 25 -47 -42 33 -25 -14 17 -7 -44 -21 23 39 -16 7 21 48 37 
-40 3 -17 -7 24 -41 0 22 -22 -9 -6 13 0 1 35 -16 -25 -5 47 -48 
-33 -17 9 22 -1 -47 -21 32 -49 5 10 27 22 -21 -12 -42 2 13 35 -47 
25 -7 22 -4 49 21 39 21 16 -25 41 -11 -46 -24 -18 31 -13 -17 7 27 
-47 24 -1 49 -37 15 41 -11 -11 -27 -10 6 -35 35 -44 0 -6 19 -19 28 
-42 -41 -47 21 15 -2 -48 7 -27 -2 -36 35 4 21 46 -26 -38 44 1 15 
33 0 -21 39 41 -48 -41 15 -16 -29 42 23 35 -20 40 6 23 -49 9 46 
-25 22 32 21 -11 7 15 36 -44 18 -3 20 24 33 47 -23 40 47 -25 -12 
-14 -22 -49 16 -11 -27 -16 -44 -34 -25 -5 38 41 39 33 -47 31 -38 23 12 
17 -9 5 -25 -27 -2 -29 18 -25 -16 -38 -36 12 41 -7 23 -46 -18 -48 38 
-7 -6 10 41 -10 -36 42 -3 -5 -38 -8 5 8 -39 -43 15 34 24 5 -19 
-44 13 27 -11 6 35 23 20 38 -36 5 40 30 11 36 9 47 25 -48 -25 
-21 0 22 -46 -35 4 35 24 41 12 8 30 12 0 46 -28 -41 -25 8 38 
23 1 -21 -24 35 21 -20 33 39 41 -39 11 0 11 20 -18 25 47 -38 13 
39 35 -12 -18 -44 46 40 47 33 -7 -43 36 46 20 -33 40 31 32 9 19 
-16 -16 -42 31 0 -26 6 -23 -47 23 15 9 -28 -18 40 27 5 37 -36 41 
7 -25 2 -13 -6 -38 23 40 31 -46 34 47 -41 25 31 5 -11 -8 -45 -4 
21 -5 13 -17 19 44 -49 47 -38 -18 24 25 -25 47 32 37 -8 -17 28 25 
48 47 35 7 -19 1 9 -25 23 -48 5 -48 8 -38 9 -36 -45 28 20 18 
37 -48 -47 27 28 15 46 -12 12 38 -19 -25 38 13 19 41 -4 25 18 -17 
